Fp1_theta,AF3_theta,F3_theta,F7_theta,FC5_theta,FC1_theta,C3_theta,T7_theta,CP5_theta,CP1_theta,P3_theta,P7_theta,PO3_theta,O1_theta,Oz_theta,Pz_theta,Fp2_theta,AF4_theta,Fz_theta,F4_theta,F8_theta,FC6_theta,FC2_theta,Cz_theta,C4_theta,T8_theta,CP6_theta,CP2_theta,P4_theta,P8_theta,PO4_theta,O2_theta,Fp1_alpha,AF3_alpha,F3_alpha,F7_alpha,FC5_alpha,FC1_alpha,C3_alpha,T7_alpha,CP5_alpha,CP1_alpha,P3_alpha,P7_alpha,PO3_alpha,O1_alpha,Oz_alpha,Pz_alpha,Fp2_alpha,AF4_alpha,Fz_alpha,F4_alpha,F8_alpha,FC6_alpha,FC2_alpha,Cz_alpha,C4_alpha,T8_alpha,CP6_alpha,CP2_alpha,P4_alpha,P8_alpha,PO4_alpha,O2_alpha,Fp1_beta,AF3_beta,F3_beta,F7_beta,FC5_beta,FC1_beta,C3_beta,T7_beta,CP5_beta,CP1_beta,P3_beta,P7_beta,PO3_beta,O1_beta,Oz_beta,Pz_beta,Fp2_beta,AF4_beta,Fz_beta,F4_beta,F8_beta,FC6_beta,FC2_beta,Cz_beta,C4_beta,T8_beta,CP6_beta,CP2_beta,P4_beta,P8_beta,PO4_beta,O2_beta,Fp1_gamma,AF3_gamma,F3_gamma,F7_gamma,FC5_gamma,FC1_gamma,C3_gamma,T7_gamma,CP5_gamma,CP1_gamma,P3_gamma,P7_gamma,PO3_gamma,O1_gamma,Oz_gamma,Pz_gamma,Fp2_gamma,AF4_gamma,Fz_gamma,F4_gamma,F8_gamma,FC6_gamma,FC2_gamma,Cz_gamma,C4_gamma,T8_gamma,CP6_gamma,CP2_gamma,P4_gamma,P8_gamma,PO4_gamma,O2_gamma
130.8345265882851,47.505470158875255,184.92973159001463,85.44733816390062,6128.200272535062,443.9976790746383,244.6185762640803,151.3880313733447,377.54553477043834,649.8655579605565,483.45420254776843,639.0146556908103,28.18949012122073,50.73203467427599,34.41860284570398,799.8349038885308,679.0521606956868,92.46293654783324,93.00241033600989,1978.8044784389558,219.7889620074174,119.82270568901754,2025.6280284482566,208.6071250259747,11.425420318332467,132.79740510640283,197.07553851106732,14.798099317515142,1726.2715792452132,162.37971494506078,515.5020558783083,59.28417580561618,43.66428483522377,19.398288670350016,65.81665598513722,38.85059742694884,1946.2236735512097,155.69996733182907,76.83239903520129,64.2381608878795,127.08690379298409,223.2544176689859,170.37005435352435,216.25067248704136,14.754173855580639,19.20576128728961,18.8021474066482,275.75264909198404,206.22317003549566,39.1633259969917,31.166776919676607,634.197778344727,68.4255387613576,43.30887262306817,679.6101942115826,75.56283300364316,7.997617466046467,65.1606981046187,71.32316021651877,8.868224994258366,571.4070987329095,75.01741961228646,168.82529855106495,21.84404329251858,19.759442093038718,16.134304907807127,32.65809831987091,41.20542122149195,832.4248135918664,77.28485910960386,30.618099484944153,78.41309756921264,66.84688289965534,106.91575813578504,84.88803786877789,107.30259450053477,11.894811976720694,12.298561852201578,17.99052738261413,134.79018114507392,70.39921456647609,26.934468877640196,13.45862489334061,258.20221207586604,27.84761499196648,25.46002961447205,314.29260336890627,42.29100208888089,7.445493063922473,62.33260361436734,36.07933386035629,7.040990112814215,246.67982838475822,56.32990972562016,70.29014069125034,12.455110107757971,5.004145498673229,7.269909494519804,8.460234153378522,23.723855735246822,206.40460765140384,21.18410865607368,6.612019991252344,49.278272885703664,27.410226254133885,27.795597369791576,21.973989369126183,32.600233910340904,3.20530640928023,4.212285700328858,7.560754633261585,36.50360341322018,11.132098120759975,8.170052298642664,2.12346332567407,57.062685316847315,6.502161437302274,8.148758957874282,83.06790186339195,13.002296985631705,1.788266744670795,25.9046132303646,9.265853281642949,1.6866033812165244,56.88844646475534,18.891094933225435,14.424738945844854,3.548407460827161
111.20003208329292,48.556352154480045,180.19607368937946,84.36259301747812,5521.418998372923,488.3826755115696,205.7441468394258,249.8165048793747,375.2055736747434,680.0658761708225,505.07597101462693,647.1100690986669,24.59620232497473,43.20260111042633,64.09932896299412,847.1621564537314,588.5774435116721,144.37110176188637,80.7966907414843,1808.9016839315477,187.19901378482302,116.27615977183173,2070.4989701114564,248.76961670261568,10.779603043682759,263.3502641772266,207.13347387419486,18.62433460545549,1662.3487248457159,259.6352638598564,470.0296205477572,52.14260904261421,39.226016596943126,21.45656734342363,66.42026568856151,37.04112554039948,1734.5480091938516,182.4726229489248,65.1636603835205,112.72989585765154,128.77544019766117,244.32369881388368,185.37137271393615,225.50731614141478,12.510201607858995,15.396696353119347,31.34919046919444,303.5241462201144,175.3238290726508,64.24411322322075,29.447768803829096,577.7922428438122,56.79076385763352,42.96764502576468,721.8805608947325,97.28423732828672,10.21901676054976,128.7753476725564,80.55428305931774,11.883186533064066,563.1583227435522,123.9254912440309,155.95901953902333,20.04992708336826,29.73154130284447,23.554589399859353,37.71119704577383,40.801848214979806,726.4082848127908,95.51030314072577,25.926899465289935,85.71203068734533,67.32348475827952,122.20251733135053,96.28344500441591,111.93697752426948,11.16535346215449,11.14498785503761,24.286490361869873,153.38566266711894,70.55645436163354,43.43129980694926,13.028919368377313,241.87712952866724,21.795091816118838,23.36442286600889,347.3745696781928,54.63805463031388,9.90540109877615,92.53989629601415,44.53888045802814,9.759143773863352,257.66710107642626,83.41950001065068,68.90065775569838,12.09944982618863,14.056738178162064,10.938107460241671,9.84232631725194,22.28877466814807,184.1540064689468,20.4206308367722,6.288804143652776,31.834312289890583,19.79417655435592,25.97510564354323,20.927242581134635,25.1194420474214,3.3554080924233127,4.6778089398017855,6.635826956138981,33.48647074986853,20.066480398017767,11.283271694168603,2.304342497261303,52.27152806389914,5.428905074682174,5.462305177420878,75.65838905952695,12.019245297684996,2.040682986704641,23.266648227667616,9.484031635413722,2.0216720023450154,54.13815391796026,18.64910295998476,14.27013186453328,3.2137772715572455
167.7067895936102,71.5416450762996,330.98493823058175,142.39675997939761,9448.752816479244,890.4272664922015,317.7752533512994,377.7645546404381,655.1287052750331,1224.2559459702088,921.4168557084492,1163.7775055039683,37.030764843350866,63.6186205584167,111.34170549678385,1519.6979924010004,908.4139882727173,225.6066652261598,118.7520931513426,3170.676459385577,300.0321385653303,204.31962092991787,3738.189743401754,454.6635078462216,18.922890428046276,482.8513206916725,372.8621244086128,36.11664484500708,2966.9390206722546,478.68786749860607,819.8433090729264,86.04812225024162,56.92291330230364,29.174444349586196,111.52694963105132,52.796362916871516,2775.8009564035765,303.4091545533702,90.88918207379729,155.18091354704248,208.35113062243613,408.45965675511945,310.08218633853915,378.31276060946675,18.390085110623623,22.281028319477215,48.49648911418505,505.63125649193114,253.26830602803727,93.91822486083252,38.58280804864493,952.4784909339069,84.31344028213317,70.05970574784435,1208.8431819218895,161.78349247141898,14.443072568819204,205.43340698455492,132.34575977049434,18.370424272881156,936.9256335634796,201.07112065400844,254.76537664391907,30.279164288911698,47.114543801192774,24.350162200320185,54.38209948229724,29.26367543262411,1042.093368026279,139.5401660207185,34.119601916397265,87.73376056109231,88.64620706324675,180.31333702735265,141.59283374123714,166.06108580598854,14.504599167400576,14.234958694598705,30.074943325161865,223.09824715940272,101.21503985976699,56.395637759343984,17.06827432668371,373.5693238841709,30.666915358686836,34.68117875804541,516.8488834642919,76.29565140369262,12.380082689175227,120.16167770023657,64.93654731282115,12.813178472753473,394.57703071075315,112.77912490542053,106.43099229635517,16.074867106733027,23.209314463000343,10.06668876571028,11.478031724471984,6.586920986108282,215.02452092367056,25.097459576192122,7.8900269128325125,17.24271785873946,17.57402985963277,32.204451089366366,24.893081329690084,32.791235530406546,3.169451808840803,4.991030101053456,6.0153544461696775,39.76655031643172,31.833834170105504,11.588090538559658,3.3347320840443766,76.55914638752135,7.274536088307157,7.273460492379192,95.55227835324135,13.048274261628904,2.190229910046,21.68682312413843,12.213440125142053,2.235035902998468,77.10295148080246,19.03062586900432,22.274023121656015,4.36060215851518
184.490030151143,68.5674981569841,369.81300178418644,154.8753248352262,11374.638846251783,970.7574890629921,393.8864179980308,321.9774383749566,749.3581844904722,1371.5489684557833,1019.1228865351393,1313.8700466034227,43.79717852474594,78.42584855642133,90.8859320477799,1692.275443046377,1105.7515443949524,187.78069245083296,143.35404030116078,3779.8159224078445,370.1481941655494,232.87034392561765,4205.337919428619,479.38147666560747,19.3095498841672,409.152714939456,411.57984743724387,33.833457843789866,3417.619043568215,442.72326672446326,973.049218868744,104.95619420479103,60.667752319986405,26.377267776986024,120.72814649486796,53.825482597453814,3488.1960196220384,320.1033557196596,120.35044710361045,120.57714922419387,239.55392947089177,449.5279445124281,337.92440184671824,421.65797324561834,19.309158896267657,26.340575250641745,37.83978146270766,557.9036667962428,326.32218943919827,72.12138425234859,47.19689025590485,1165.723300789812,110.86596919294755,78.7484471942825,1345.5856483164355,163.14319552010187,12.645918618935323,159.55843203577325,139.56335555115092,15.543085445841722,1078.9341148995147,167.34041753939064,303.39746874596324,34.94829140551782,28.819918271407932,17.092869834238844,51.89691232631498,26.63241708698472,1227.0873180916592,136.1719672411892,40.43520793312036,73.79180158463538,94.67332735944866,183.99036271845438,142.56997806627777,173.59431812822874,14.729361640706223,15.151195515309592,24.704987350443243,230.59815665613877,109.60332274175236,41.59419928113907,18.259315487754893,424.3113256634215,37.65505778842665,35.03947222203957,535.7696558384206,73.02417276586002,10.289368231978019,97.24696800652403,62.758807361021255,10.186907149203432,418.12436703702747,95.7967537005507,116.31695179099003,16.71085741223297,9.467137843370024,5.061820915833747,8.962461387250753,5.095030449458111,181.7231199239671,22.008897034709538,6.101267293013903,19.966967710530636,15.187632707376766,28.68725261867531,22.889391482420965,29.10925706489914,3.6505484007733533,5.312746869682895,5.616613513561942,35.85159257181664,19.965771438210837,8.472289049512275,2.7818061815727155,64.01272325997323,6.14509921002397,6.429543404591275,83.59312728425888,11.921777346931812,1.948336800840349,21.05442427984223,10.644688155826666,1.9333181578396594,65.41953799521768,18.06012340505393,18.368293183940605,3.4241523506911986
146.48895289735353,50.54978257762299,283.6264216502185,123.57669417419751,8821.033151655705,729.5923958071207,304.79738346720325,216.49727097354366,577.6135096533218,1043.7008750170567,781.5087642285386,1002.8971029523974,35.14397000082593,56.800445312553435,68.47057874467589,1289.4923355823078,860.304277822254,127.82248965753463,108.73131856532399,2904.7740393071513,289.4458915153788,183.431994895804,3217.519344813404,357.4106066308549,17.343231564679947,281.79684529151115,318.8058416124976,28.090855802926583,2649.432144798623,317.0412775550917,754.3171886491439,78.7884180159307,47.77128609876502,19.659244045471528,88.23678061218499,42.70479187072592,2572.854947951633,227.32408780988203,90.26920677568005,78.15380421842262,172.95626443206513,326.47741682822925,246.3447220673545,304.9331274978116,16.960985807469037,20.176563035431016,27.449673209996128,401.08726981189443,245.40685160619483,47.07661483872227,36.060186745512055,846.0003772694045,83.82489151613734,60.39540706261425,968.0273402842124,115.54229045728657,11.589617462182979,104.00038715220052,103.38172591146866,13.798110693710795,792.8712822292259,114.48095770184892,224.7846011650474,26.178252217987517,26.772564867811496,14.769649388293384,38.14304933257956,26.827849666225436,919.6073266015,93.63162414781918,32.68031282078428,60.6303675510294,67.68645073575655,130.17579184164765,103.03060304955495,122.11345857535873,14.19344925003782,14.225394852078294,20.620131366456384,161.3028900696454,85.23137301532127,28.623247805771427,15.01231188115473,301.58861027266204,30.692388677803418,29.208189450567765,373.1343490198592,50.24452534066219,10.219988294777279,66.83724057920493,45.84006204150232,9.4101130705611,299.3271668002502,62.15916574858626,84.45037332743475,13.936095870771648,9.863216633336547,5.8389357166237,7.914967495684026,10.079325186452298,165.772975301174,16.248759753736067,5.605297145765241,25.412773225393195,12.853834806274369,21.55855373318334,17.496774459124612,22.89310297146995,3.706985085857537,6.007555214266371,6.779678438040309,27.26631355875246,17.03943723405754,6.766071086017216,2.407736301802724,48.36052833100662,5.809814591527021,5.947673453302418,62.75521039459951,9.133902112244307,2.2307518353931446,19.13730592920688,8.571590204717044,1.787798882528498,48.79022446795142,13.70951497251188,14.13302825922718,4.611144383547958
116.1861926958046,54.12518925915044,261.8539483756757,114.36205004534324,7181.223831307601,716.2412730602359,228.15100486664738,302.403720843286,517.2537182974265,982.5625799530563,744.592110709628,921.8528725275794,31.072500086327583,46.94805231871533,102.3585696402159,1230.7709261145596,611.5398535365368,177.24571529178607,87.698858958661,2422.648697763982,215.29102805880547,166.29893897840802,2958.899825093238,375.8003094390742,17.17900914894826,413.16688371755504,301.062153924328,30.00347694804961,2309.6335236621944,409.64424444525093,623.6752095170585,67.2733396361144,43.76330102342344,24.81335906545909,100.26735080473165,50.73540119291667,2342.2479662742026,267.08279732403264,74.8663185398363,142.85840845623403,183.2883840669292,355.07428630236535,271.0093715371147,328.85439459010814,17.26652754369923,19.541746231620877,45.90491005447299,442.6152525058811,193.5533799673257,79.21399754025694,32.025078990042246,810.4504398516237,70.70443024198453,62.500373260431786,1048.922124410748,143.7561913901102,14.156964866914084,188.9135423676944,117.82729185480633,17.92688578283432,811.7262113166572,182.96846651415657,220.1172006452109,28.219541560737852,26.19792070899624,20.228800226180823,55.22801279623524,30.712885831481348,996.7031375679244,150.5964129814342,28.026319078665118,136.77265081495156,93.79177223799265,190.0972255635973,149.45427602460268,175.9192622567637,14.149318101516334,13.208702008806707,35.690870104107304,239.17362125106732,71.61855479198726,57.71175943982155,14.960191223842365,364.14468558973033,31.244540653215555,41.06571149042793,546.6915868685595,85.82788365748468,12.399841144662131,167.07135901647985,69.05799457734757,13.82076240892857,400.5622794904102,131.58337836516858,103.99660878987272,17.118188472088907,10.236276293530993,7.826026271750575,14.83278135948518,8.082156063806146,253.11038603298505,43.91915475970459,5.797983649163164,72.38856645623616,26.855361682754236,53.66158729843636,41.76219826874804,53.88750260745931,3.7648306915901233,4.7088278564008625,11.781657699884041,68.25825900577912,17.36835592397447,17.922190720611535,2.965672696683355,95.29480001411261,9.782070161984018,16.10460100188086,155.6249686848384,25.6984209046802,2.8371327847014682,69.56844392375884,19.202426302792418,3.4426852631098903,107.3015029939337,42.389270935568604,25.920967414984432,4.794622057842093
148.43578176660546,61.73894798157815,268.29197064833136,117.90130951438233,7765.172323325916,694.0169601523236,272.8767021116332,275.55004983937147,534.002943254819,958.1633447536557,714.4513807319333,941.1179751422337,36.622465329136276,59.91209117068894,80.98175518616002,1190.07189956624,762.3101110050443,173.0463283630244,97.22273450631583,2616.346454877691,259.4105225256195,161.24296286582373,2964.5111284479594,344.394812516343,16.164872431724326,338.02563065394855,294.0081552868655,27.987678336122187,2393.7970024015867,357.3397730262303,676.6016969191496,75.29425376795945,47.39943842111804,23.931975714202252,93.66781985987147,44.84198542703457,2419.961565337141,243.90417200458506,80.4996677087759,111.76254847652628,175.3427806602513,333.7366956479247,253.63311741729416,316.2956239480239,17.49808497033873,21.88943563524608,37.75579218794077,415.08183077513405,220.02668733322758,70.70508050373404,32.57158804880167,822.8050713663142,76.50347019553139,60.24649767917958,995.647158189628,126.30646001038858,11.895806040979725,145.1795480077475,107.16998960834457,14.378041852228668,789.3836199304488,151.50364422275302,218.4709494948554,26.760930174773787,21.29388946416892,14.364621474004922,42.45544713942871,25.048459079347605,902.3335830127506,109.37585232684489,29.438961769693858,81.79547965629956,73.87670076899825,144.85339595278182,114.2144742264336,137.52031450534992,13.01275849947712,12.90699813697008,23.994201501282205,181.95387620953144,75.08282234536303,40.71197262969541,14.274556509841604,312.628825996145,28.52049565181024,30.896012268482988,419.00857895550615,60.09235612223336,9.908585505991583,95.57749777891912,50.597772543938746,9.380896278062352,321.99950061591505,91.18295901861684,87.63327910769009,13.481506966489613,5.936511106151112,4.340556333303203,8.994390736663597,7.297952625292966,168.16609172086686,23.349780103759187,4.855967672174562,33.0390040568271,15.613480678437822,29.468773384217116,23.419494588533066,30.64412093487534,3.399303834509566,4.15424676593281,6.605855887804349,37.39142946512779,13.459411181974117,9.96868190703456,2.3558458176448216,58.280812543031175,5.800739174739962,7.790699340297877,85.80217257953646,13.339540416592591,1.9562942008623578,29.64045393618656,10.951135217986835,1.9804175383326812,62.7191766130363,22.7158775600472,16.530197696043125,3.4562075248319686
162.36057286587862,53.299259921209774,298.9308590787524,141.80991279705108,9536.501098304305,761.0796505737795,336.8371063950849,233.97456657427668,623.1137842517564,1093.9725292533653,817.2893773998685,1067.2406221716424,39.92059089375121,68.26500410032727,66.53782380225674,1352.3073976292173,964.8360395799621,120.5342405226465,123.1451509535545,3128.5655167888317,322.4530320910915,191.45397236860597,3385.800803635012,368.0465897028656,17.470535420727767,265.8415514336965,328.7004257232668,28.295614086830728,2807.835461120547,310.02388465615326,805.8428088002953,87.08544471553229,54.944601792252925,24.858264380150217,102.84114712331063,64.95162826718592,2857.743013734238,258.0887108763518,99.98504255448239,117.50916513088757,209.93817299368155,362.0262433222739,273.023992751838,348.32744854746153,17.75391813160809,24.559951891410563,33.08598223707986,447.37775763666616,274.6567363871515,55.107515501052696,39.45784750695014,943.2929082982813,96.04966696688167,65.32895840443685,1090.9862580327688,131.27137736646878,12.509884467201857,128.03576468528843,114.42520368252745,15.416011206230245,881.7941860350762,137.37382294359207,248.80766197249096,30.960127654781928,53.79545689232896,38.56534497966165,55.84401190607684,86.17773324439015,1167.8798214344022,123.30685224271092,41.65477737254952,152.61904230347258,141.75619770148137,164.47314419780227,129.87165876587432,164.42188147990166,13.840037343279501,15.6141519863541,28.3695122557646,206.5849162128661,104.09004098762894,44.085326116051895,16.26158647728392,362.4338159681587,43.58193248984951,34.64708118363298,482.442953274441,69.25067893852939,10.90512209379405,101.93552958681279,56.1840674729108,11.339194479317195,363.02434990779193,91.71950398276637,98.40211620687988,16.145253772699967,30.03119225669978,25.76890472555838,19.210635671251183,55.220497829768256,403.48069025578013,37.6170314721951,14.997659373006135,102.70771393646011,80.62856131308452,47.83390167092999,38.045241453067504,57.3497799082009,4.606653661636392,6.424121001158907,12.258568445759215,63.4033736962329,30.916393082892014,16.860175191267267,3.5821522633744523,104.72348116512228,17.29745089468635,11.711298409576772,148.3376318328501,23.25581378923766,2.644381040084287,43.82441295367436,16.246052502422533,2.934292623373493,98.63737676581462,32.711897748255396,24.74720948342828,5.027040336412741
131.12078199034767,55.14250585019255,244.00706210818169,108.48525170865219,7331.491143900927,624.9529793450666,260.7664860826576,246.94321743824258,493.9936743464921,877.8906218236825,655.4861188419534,862.0770430959998,33.50694628990251,57.04651899731503,66.37498740289924,1091.684077685985,718.8823865319602,135.6373240160358,94.35025592487337,2436.397467365284,241.54672836214314,150.7345207745713,2719.21713279474,309.7619664677578,13.620488597264146,283.67757875054656,264.67972483887525,23.738920550607563,2201.581630873108,293.28682335036217,620.887575162794,67.45283880731287,44.82664834562162,22.83779726086988,86.95748522658036,42.67711911877394,2344.3744425341715,224.40020856707758,82.01762089703345,114.3452894428637,169.42956248983154,310.844035616413,236.02978887343352,299.87702301407927,16.74526729598152,24.066610031572086,32.39046287380905,386.8486984463333,217.5529072029018,59.93447965575051,31.79189910427867,787.4167625953551,75.09822423047856,57.19790789504124,931.9355633952563,116.32038566983744,12.387681568544444,136.31165897009396,100.17366162915934,13.612879403349089,742.3091748684009,133.7510068149936,206.4148887932136,25.754819493669327,23.8407793429613,19.651825456280914,48.146469691747775,38.525011431241225,1029.9022080107106,130.17912897627264,32.594609759337125,159.68869491330398,95.12425848745085,169.51687082775416,136.28886462873294,175.16470359313232,19.046298169502336,25.11637941852456,31.31311938558784,212.28917227134372,76.88013074331931,46.8575951393944,14.554386482307187,352.9331607760069,33.59285845739806,43.767440216808865,490.03951099220484,72.96109254838325,12.449736770442573,158.24918704582282,62.80059805009997,11.147721068041413,366.58970071194614,112.7296207901046,98.29438412450442,17.75733715084926,12.27927233456669,12.437815118584831,20.426871128458032,21.088859011487692,393.4346769921297,62.56590842751624,9.658260622696021,143.48440151687652,47.62318987336904,77.34314806769706,63.75091973188478,91.92907134083042,9.801599432453015,16.582259693924385,19.843314434088946,99.47781128736,20.976842051059236,27.503901805218568,3.9640215795315097,135.1571970827389,14.011807333355428,26.550154163293527,225.5552712762834,37.660500692881264,4.540101451971516,120.61865317524084,31.23230051232406,4.401335543312085,152.763284018821,65.86876282052819,36.06655321743678,7.266510862107344
139.7611535472778,51.75585033428632,260.4183586590458,110.81383018036547,7877.591823846278,663.4052921842729,277.4026023442119,227.70239687507072,517.4348639177541,932.3261243823778,689.6884775117362,910.405229519758,33.521772564111686,57.210591786204546,60.96102621038355,1142.8605651895841,780.2633992274183,131.1646005119525,99.39179611933329,2629.5348843344627,263.9592361297038,159.02645944321475,2884.7992370580023,324.64817426529606,13.719632186118043,266.9234466587254,282.8959138606282,23.91156774699086,2364.0147181787124,299.83390361400365,683.491681866262,74.97333304776014,45.45502693306512,21.218965551419156,87.2624139322482,42.41950964987983,2453.7037846394755,221.95249240845914,88.40392473461051,91.15656590039524,172.2663384567507,310.15481890894046,231.37492944240273,300.0482736265983,16.82102465299657,21.57459595592703,27.213787446379538,383.07835281771827,232.31323471888174,52.02173266017094,35.402765770659684,822.2234601872537,80.70630885115764,53.82480949118093,939.1127724714287,113.12629461367283,9.161065815979885,107.10382404887531,94.91264484703795,11.44985186352207,752.2041264387651,119.69311178181594,215.9806217615776,26.821670586899344,19.361390235380963,13.938837371416907,41.02058338729057,31.099287608905005,932.3615605765815,99.48472423269043,33.94418133087095,72.37156796925775,84.59698908776045,132.5464708761737,102.4424044503829,130.91126575510867,13.223710575106317,13.814197798823265,19.627476407970537,166.03727641261494,77.00996392772402,30.248495025621917,14.703033526003471,311.74764759560827,29.18355106259974,25.425245307943513,391.4666547132639,53.72947643688625,8.076622809805334,71.04123508680487,44.40279009145798,7.886312157852321,301.0336423488277,75.33257533580448,84.97411016377502,14.02777968713234,4.812337546860457,4.54951194016224,7.9191492919621265,13.743663467946599,181.1173006544425,17.396315865362656,7.0861525172534305,33.40081230134649,25.574086853445017,22.59722638802119,18.09580443341997,25.417764979758537,3.521565653873438,4.899501316543809,5.5420209379292995,29.11374112883385,12.76627746975544,6.36325558820891,2.3013835401098035,49.976046910000115,5.324634578206291,4.995872246513831,67.52904634343096,10.130370202753097,1.6892305737104545,17.246440320363288,7.94993607154878,1.5174025281815342,48.75191775286728,15.488605183528884,13.460001383552116,3.2648240303583806
123.33501736677415,53.851006993657094,202.05859807080836,88.0519489477996,6197.89268333899,530.798355156016,227.4210338400988,254.60328924076526,408.2833875068812,746.8118696824786,560.760038449549,718.1392993742148,30.093556924064032,50.298180951935,65.93407421492851,925.6262601655335,650.4995505187113,143.27190174554383,90.62368992051171,2041.4278563608332,213.37492137886935,128.7579776241629,2291.0406919127577,266.5564873276052,12.846104163137547,260.29238507715087,227.57591274216418,21.827358396966734,1864.2075218039563,265.67801526072236,530.9057779085643,60.454298143574704,45.141220642377064,23.778429107832814,75.0209859175022,35.4193684833174,2003.3946461067671,202.49703132682453,70.92833701008709,116.40592710241633,144.90182465874838,275.0468417845006,209.36388460790675,258.5491101777536,14.665545361131876,18.73492083188853,32.45313612924362,340.78733106063055,196.627304228097,64.4553304135306,31.94270873400334,674.4697305199351,66.05723816385724,47.803746006349265,822.5345603537025,107.42059345252981,9.667533892901513,131.80189435725674,87.31708045338658,11.993929732262394,644.8668226893014,127.11538967353528,180.37393544903676,23.513670305447903,31.618697082530403,22.338752074561782,42.71619141824926,22.51884329015197,869.728235708408,118.57934707375546,27.578631942654845,124.39119413611604,78.2162014483108,151.3379706330878,119.0818738443334,144.55237563316962,11.743515294246517,12.65063613311429,28.453881811536498,191.23560051587427,76.82833653747043,48.48193553970111,14.153798582782452,309.67304433836796,30.16189243521558,32.902198952809094,440.3604615418342,67.23680201160327,9.810742705644486,132.0532705383228,52.158122590804304,10.730834732677515,323.53103544098013,100.17204360058204,85.24577578606915,14.010094810595799,18.464234472330226,12.62542706201753,18.609275688606473,8.919494643568164,334.2056420011335,55.314490587958645,7.43671602615151,92.59873914298818,35.10537669360961,68.15431061980033,52.96901489538452,68.76441175222678,3.3157097875155257,4.8997287362397595,14.342119022269598,87.04847228760386,25.729046361007157,23.118393171873407,3.451878509317454,125.2064295772527,12.852547476735943,17.494039939347466,200.6892741890313,32.47517508898068,2.9792616109708283,89.97593606097473,23.28128310359448,4.15054830923991,137.4077192005795,52.02953479597267,32.855205255228775,5.214404644933671
148.16692966914925,60.77397396141903,259.40885839443314,115.29712357140872,7848.588536525109,677.9969315699107,278.8418712079834,296.6414644145517,530.0430073366124,950.5396135657095,711.1176859777279,919.0895065722516,33.5350961656443,57.18172497433128,75.82689801160568,1177.606419107527,786.8067289668486,161.40178019303232,102.90508236165779,2608.548218202793,261.2376201939822,163.99009117540092,2933.7639631029833,339.2684145613568,14.83874775447817,318.74559508006274,288.0363194405153,26.038876684400794,2372.798904161002,328.67594817683596,674.0500267766962,75.09826641954012,52.15280900276695,26.77494411210607,91.46192704073094,48.16665732282402,2391.2833558323127,238.82420739166741,83.76507679078024,136.61216652226102,178.2184437363903,326.8087916470501,246.7671823259289,309.9055980014124,16.965353042016815,22.066382779199582,36.78466728203571,405.3487184241354,231.94682300273593,73.01714290177591,34.0888952578211,809.0482814109429,78.97584528551572,58.621562850959464,974.142809185783,124.8229132702532,11.458341047781104,150.35328850234995,104.51477479515044,15.505046589995171,773.452513394442,146.1105325959969,216.5897498820135,27.274657130433997,27.806031091955248,21.38280005978377,51.986537137164106,39.07018187435937,1048.0614874028172,139.49130639292318,33.43685647341039,187.2653358602972,116.45791707651988,178.83532326209533,139.05514690085903,178.25090204959966,14.308825601224905,16.67328451517454,34.26614227551306,225.9307461004461,80.06929275737743,54.84386120876634,15.080017998527167,357.24279547963096,35.25484268268584,46.694304369545556,514.8256251893819,78.77655207369058,11.9882260396133,169.9305466665407,64.36901060973545,12.909198865326598,383.2309239317993,117.46727924123765,100.14198509872699,15.851489424189383,12.714522988263184,12.218202591973418,20.5649972234972,19.769412529130474,429.82038746717865,65.24407959969642,10.531844901349219,146.49101738821568,64.97690416566398,79.70443318522874,61.944614469330865,85.19179632984357,4.87185589659993,7.490204195094353,19.302199514694372,103.92216494726907,21.13599466385616,27.626820213936682,3.8467645654915787,141.07585220858851,16.28814094199704,26.354625743416552,237.44932049201645,39.83474798368057,4.032227518947152,129.02038152091146,26.56139233454767,4.629080609605335,155.02715882655886,61.27550391023939,35.09224728604816,5.519621071838116
197.26524391767921,64.968276073726,371.2244484889316,161.30057702983743,11549.0434498516,946.499240591034,406.8680891641808,295.8973736567378,761.2184320494541,1356.1094328178538,1009.0708736768197,1312.6045232575907,46.72080007130015,77.34733156586593,88.2370817758779,1686.3014972711458,1142.5976946628673,160.61299023398564,145.1492253827859,3796.423168559718,381.66764041713736,237.66253671432878,4189.795315597058,465.6622508945016,21.845666307241224,364.6873057015933,410.7591775939295,34.40720338045041,3442.556697555412,398.93342290449874,976.6002221184077,102.45170895296064,66.55587868651274,26.28174552637141,119.33871049117023,59.36331645330249,3425.6724420099363,307.66216010066785,121.29857538412415,125.28943566937114,240.6355267127011,431.5567217393598,324.6913729964036,413.63622686959275,19.607714459551914,26.866093557407947,38.11373552033746,536.3559301299581,337.2726183105376,69.58127610102288,46.338396933503326,1131.5690606483513,113.29620975205559,78.05520922365011,1306.519007159479,156.28893707444212,14.403395861861503,152.0884579731881,136.76085493480207,16.66700141211949,1059.2908638856063,158.93141100374797,297.81391432090663,34.9295800471457,41.06377796911782,22.642910635217135,53.16437346858603,43.093799624460324,1259.361134219834,134.4280107569706,44.40811343151141,103.29528011603503,117.5016930362692,179.98424399705027,139.46007540779377,176.10023796259026,14.740401718550947,15.863054033715251,27.426969047675364,226.40275931497905,120.76383980339999,46.141449735076286,18.66986563929967,411.7068409285176,40.236374460476256,35.7501717149203,528.7408292806516,73.64692251981823,12.170670061392233,101.88533970385504,61.556966850042954,11.553069319693765,409.0643700227047,95.9151021120096,113.0476911021355,17.14686508036598,18.1548086070054,10.369831483063408,12.279565554195933,18.56160110924803,286.0212749399114,28.159853089863233,10.124316833135307,52.36219229349094,42.34430454764563,36.21268023458235,28.39948304782906,41.25764127520596,4.207148487953987,5.762309770232995,7.899065379485634,46.571081917033126,26.99275868272166,11.485716247792077,3.34987385859661,81.42551403932461,8.628497477317453,7.968374360467731,109.45387707809415,16.08044146522444,2.4619554000373283,28.271355309130634,12.599480711709226,2.382768150419662,80.00071283358798,22.206425243290063,21.646532600768865,4.2950501583714145
245.6615476214996,89.35501764254975,431.0906761456847,179.82654404791566,13695.90572100836,1087.8740643480323,502.19460458819094,377.1164052153918,881.8054424309801,1559.6741265387964,1157.0917910768349,1519.9216672252437,52.65826349942125,96.84260198163508,95.7733733987026,1927.8172283810827,1397.2822651965453,214.81788477757323,179.66261574255572,4502.965917066258,460.5184983259443,271.4124380241232,4842.491894599282,527.9024198778973,21.331795615781935,409.9616936320326,464.85853563784565,35.9934923667448,3995.0108745498046,443.8861524614489,1146.8983335316511,120.26188805690418,79.00597859593496,34.62083856887926,146.14491486694067,66.98357630093332,4243.31886227116,375.99868088347176,152.7388588906095,159.8286167819003,289.1493695748179,523.5385737191567,390.1323226651895,507.5447579308616,20.80666871808981,33.068207374279645,44.19552530865954,647.579465711756,419.62092083167147,93.23501848684609,56.48362498809981,1418.0097077322944,140.6889363231334,91.24282488108821,1603.4916808668831,188.59918041998418,11.319644494335657,185.8225297764109,160.89524861693403,16.25857065548852,1295.1788279820848,192.07444083199235,366.8260972221842,41.107100895550964,32.122898574583004,23.48734629205084,66.0643718448891,44.21841770748285,1554.2141011404706,179.333016678531,48.598240317304025,117.40749035660176,123.64134420211653,235.55814641943505,180.45431936743705,223.77806543740047,13.402715721058863,16.870994572308824,33.96601782340178,294.5104424772478,128.27999182026113,59.382039089817106,19.867761495117094,534.9931937180642,48.40750971129309,43.7201909829097,702.8177390043239,98.83107274180068,9.008512110412502,141.55912183100276,78.00622231696912,11.206357405623718,530.345351801466,133.81689291771903,142.24187466039928,19.400557086027906,10.24412318056943,11.431870384682824,19.5810509331011,21.8033385242873,396.3372455678631,56.999996358387676,8.35030842104387,55.63382035436787,39.220883059018085,71.41755145642382,55.51767820642385,70.22878015584509,3.9903682668938556,5.6660744509011876,14.496403891049109,91.31304323936516,23.032914914498463,21.191465020119146,3.338981559167656,136.20762003095834,11.529943435695607,13.876552575963991,212.51033285917504,33.35087525421717,2.349604776463006,59.74377062638234,24.015948538934573,3.7069070129319037,147.2017253484776,51.310250634525175,35.38222794582629,5.579955049878308
161.4554743858241,62.30642833597129,278.54799855248694,120.37289201414194,8451.102425347097,704.5200555497996,310.57511958886755,271.19756705173893,552.5916955301542,991.9777363742028,730.7590952346225,962.6024738877747,39.674495767409624,67.9530545976898,68.36686972443599,1215.437299467294,882.5501563153654,155.59675409907285,111.99912081166147,2800.2993165893204,289.69688883689594,170.25812027347746,3078.2576914639635,347.8701888176545,15.95997211743644,292.80532506921213,301.35276745372533,25.84315228727235,2514.076820100259,318.03219949060565,732.9357993816329,85.24236193937112,52.08895071334747,25.564306791294616,91.8155247395679,46.81241947451933,2361.0321397688167,229.41647335163773,86.35467318079567,112.18939969473448,166.92240325537458,314.2655051788776,238.00538743421023,294.2174876718599,18.8873548400467,22.856771676173636,33.99586498219601,386.2751986660466,235.60588005765075,66.46077814044448,35.70077225901377,793.3313363014358,79.66901295113419,57.49255538331859,937.4425980238207,118.47250730576678,14.106302894385689,135.1058109332091,104.2616436189623,16.37201752742083,755.8446321640911,135.3452899240781,216.71548951419538,28.237286244097948,29.33917864309509,17.926142313499877,41.509457813806726,24.408090363949345,791.907130277244,102.20192729141905,28.61407270607374,84.35652001909563,66.63850244966224,133.1604173217479,105.55032871526703,123.45230627725435,15.40439496237346,14.91148920105718,24.277771692952182,164.96702504032805,74.26273303363331,39.134468461177654,15.026711037371083,277.16552833346776,26.995622415579476,30.866631630221242,376.53780321323495,56.29432975382455,12.566417817017227,95.95515135766964,49.69131765242175,11.758656450756385,293.12250569085546,83.3738952526184,82.93305557115504,15.600910444657558,10.879734915150241,5.632674562368615,9.0003140329426,5.425911680832385,156.42808233745026,22.869379006069636,4.85834836567819,33.103856818367085,14.888950820262917,28.695811517992205,22.790015551007983,29.22189398787762,3.59935786798235,4.455092289611722,6.446417345538631,35.90108374670853,16.027433661449926,9.325507289636704,2.411891831860155,56.342088860589676,5.929971307674019,8.88742227338905,82.40390380332914,12.809444380845783,2.4151030248922436,31.543262115628693,10.966667420294673,2.28490734945933,61.51878966057447,20.239394969880397,16.491412393483543,3.6528633200796516
155.87248319131513,47.279245623471084,245.61242471889915,109.56421373520557,8353.402149779737,590.6062530521799,319.8274669845382,140.6652542097209,504.5081710871421,867.4946063390199,641.8391089412198,853.066050200774,37.56748365155855,64.71452908617852,30.82547696948705,1052.205680661214,925.5199008716979,79.4772673154767,114.25823214722944,2708.939346203942,308.44254687888986,158.89608368298798,2725.208649167472,266.21614267372286,14.702589950271904,126.95569386053712,264.32485056878886,18.918373266048178,2368.344269397917,176.11630852077008,715.5462442281237,79.13878917035677,45.42795807319733,17.364275663351062,71.70254442621686,35.188395248968,2216.2536302879694,169.20601779444775,87.53399190544383,56.622328388712205,140.19726301741838,246.22247863679783,185.26276638119313,238.40381540138037,17.2751564276397,21.364370771405493,14.592459309781253,298.7603317223267,243.62367579646843,30.8316530802934,34.06641763257187,722.4908892783827,82.95213882527614,47.427659698927926,751.607326585603,79.36059334641568,9.180815361092538,56.83637856243647,78.78652341690471,9.157581886309956,647.2635863723681,70.41365752464013,195.4285078330827,24.56597842670931,20.25670139027442,12.137870999554213,30.290272353480937,18.205259399491705,723.3440911227522,72.19608699226028,28.960682576252665,65.22940189265645,54.8272809067511,98.99546304347682,78.47319611787402,98.09062709812608,14.324176590836489,13.676781318508004,14.486550609171474,122.36685658610978,75.40070302253376,22.319194227613675,13.476357789783759,242.77697685734645,28.11176594114005,26.74128253178156,289.7728511671444,38.264153432910724,8.459965952020127,66.93976782344315,35.58399295828965,7.36680915101547,235.04257256577742,50.7825770531546,69.91683896705895,12.571541204319677,6.250517071242779,4.763046568942741,8.53424752917622,5.590341166381864,156.35965280328492,23.005795172736804,4.7048639052767625,41.84751144618339,15.468200298577763,28.77147069926336,23.179890122208903,30.115318500955908,3.474467935469958,4.865146862081987,6.950610419560009,36.52032661390375,13.718758273813364,9.134839716172598,2.3655330323036683,56.141278761006795,6.27261785374815,10.309002424424152,83.96292905977782,13.247131031873746,2.081373865618095,38.12849550832509,10.691165641510185,2.1460077176244607,60.59941662423912,22.230089855143508,15.813554554935914,3.555177630139564
206.84032670765941,80.25997017025855,423.7785722898435,179.9617656217057,12024.140973147816,1110.7079759129458,391.9648271523299,387.59319270955643,837.4908875645335,1533.8000479184395,1146.5834480041503,1484.8262930430612,47.622036688862295,79.85237438931253,120.25502752636976,1896.6327633979013,1111.7094754311865,229.08278582891796,135.12411920382448,4044.6757713227294,373.7828064228663,258.53648985500655,4703.135817156713,561.8427811770522,23.278161625462634,529.6813000711056,466.8770275493603,40.18881557010064,3745.3127722171357,546.654278635973,1043.5573925815347,114.82561621989473,67.83993329344464,32.66129216631387,142.30204536653184,67.0746075973881,3658.64490049434,376.2937050052925,118.61714306952288,166.8235279719872,268.98903643846575,516.0208195650588,392.0300202908369,482.710525280787,21.78996609821538,27.819593884750738,53.60861615989287,639.1724041150023,319.6528018358842,95.53467827258976,45.90744394165445,1243.07538442673,110.61925966802212,88.09583419055316,1529.4015034980116,197.88038221722468,15.353303472363852,225.72336238016783,163.48070545439262,22.0677116593029,1199.3968289152238,228.37932187054219,329.28464846419047,40.68241534822629,32.20531805085039,21.69218391662183,61.82939446572825,36.84368287935808,1296.882941971647,165.127505817165,40.857525170955554,141.18696366747199,116.09686382897536,215.87661826994417,168.60860956054307,201.99209566037646,15.898160020754023,15.606219820592699,34.37256142358758,268.6895281036835,103.42790533429732,57.828545543493966,18.51549614793051,448.0586247719674,40.35606156772879,44.4442680810213,618.994690465886,91.65715349011441,12.113624600942424,149.6524814675301,73.79401789400262,14.940116416874988,465.56559188914997,132.33652087351325,124.52540762560712,19.70073694289946,9.914969756066997,7.332625510064705,15.23257674284498,11.82716819937562,305.708207826992,44.669136094260345,7.588410189437685,67.12247115534821,36.175464393072254,55.301471802249864,43.241566316280505,56.43309434490334,3.507139106043816,4.310638172296476,11.69450327724244,70.31558358940785,19.13754520657742,17.020916394553765,3.138951892185597,103.2715003092918,10.518544506353255,14.486439834697787,162.11325593044603,26.14867981684785,2.7278056807661444,57.285510971217946,18.947022441302483,3.5528724840907433,112.31819790851944,39.81801382310883,27.340220815440514,4.624329951550556
119.1731590874427,39.337725674915454,234.4820678406475,105.29073179353222,7566.680369480052,596.5343117370224,266.22195234810465,138.21693031120333,487.23906742518267,863.2529027601324,642.350986063182,829.9621373655307,32.16587901532347,50.84475890501024,44.373495326933465,1062.3745698222488,731.8807759500773,73.58416368026758,94.4201774547951,2478.634030675195,249.20753360641928,151.35432106364593,2674.194578275288,287.2959576190485,14.165622920864855,184.74270444679223,259.6977528737927,22.16341746579062,2214.4704467665124,224.89739969419452,639.1351260111387,68.78723660379293,44.79580672844277,20.625895887234613,80.42304901201271,45.487529300215044,2285.3286715449217,199.37903184921302,82.6036545687023,66.21477672328082,154.5386117139425,284.1325977933325,215.94640649248373,268.2690761349922,23.19448019727493,22.051279753146545,23.586414382460056,349.10615160697085,221.33805047336503,39.82666843846613,35.36635152320608,758.3895093767803,78.8711124281957,51.99822996555086,852.6993670234635,101.18878209386656,11.133298976434656,86.60504245053282,91.80879000364003,15.23767155319954,706.5300882863162,101.28068096476079,205.90765316846552,26.190481101641346,29.877067179488467,22.405730074696777,40.97928513985448,42.53065089873105,883.18307285414,99.11163877133636,30.312164016125465,70.43044045752254,72.86526295953244,133.04613271529254,105.79813795003419,128.5368920697059,18.36675207121965,15.935043604894876,22.366303074818262,166.4325329019281,79.25175530154763,33.38432019718083,15.97484974082921,298.7870017499985,30.28787731094378,26.393801503693908,385.9959427939881,54.95680117030819,9.485417976849702,76.1957216391511,47.59334583142371,11.44604838163391,303.58754810555035,78.61856059916693,86.49958045282385,14.68210749671151,12.881862525444195,14.471685795164854,11.730463745097449,31.076833222671013,263.85664459164553,30.191645708383103,6.848274761321612,43.15259371103507,24.27300295802207,39.76663418111603,31.520103510454494,40.15518249388721,4.209641477059723,5.948576625678941,9.905818446007679,51.59889781441839,18.912515866704588,12.70531463572976,2.9016808663783644,79.32792143357048,7.889615465599501,7.115567356138252,118.0713570188195,18.47580250436758,1.9877944092297244,32.62492780546411,13.570410558032727,2.7567272802383984,82.19913986692539,28.594590688732033,20.586064520764722,3.859730016761051
161.4223577622046,61.13775901211011,384.84937391576574,198.89716989995424,11052.97339286426,1013.5772903387743,343.84045025580554,286.9673209577038,776.0643381489031,1409.2895984220345,1046.604759617214,1364.6118867964728,47.48076573964895,68.60014412897273,108.63240931729823,1746.8948040307807,976.8681082758671,164.90220702912148,117.37124365328381,3689.711316843448,352.0922156026878,234.04737301318323,4329.893370535358,514.3160477447302,22.721760979712457,452.01701459952807,433.27244154227384,41.62954384224892,3456.365919421858,494.07699622164984,962.0481240211247,105.56424920743146,60.82642574902035,34.96946760723466,135.86589061937556,94.01384680469275,3454.648993950002,357.4540855580404,103.81762511578243,141.24097835045785,259.6260351751262,493.02805734508337,372.07677830795024,457.63870995661256,23.955789189005436,27.80324905722575,55.655413582583854,611.4543167583944,287.52984201606444,83.30626951051406,40.98870557452882,1158.185710596685,107.98292948657487,84.52032035770492,1455.2241339309971,190.64129338691214,16.3237141773335,206.99672883276085,158.78593506363865,24.001804433889717,1141.5461361307543,217.3070118496785,312.29941464915896,39.870057809698025,51.45844554470812,46.659613816583445,71.3738024603878,113.34555639351616,1571.339658500457,186.2280568908178,43.97046038240656,135.24731259464522,144.22857158763233,248.7287398319523,194.76453228418768,228.78396898281648,18.785593297585798,18.826958633681198,44.87111566356733,314.73236458137575,122.62463231213442,69.1601637392898,19.03599820556176,509.33828788258853,52.681177361320266,45.89339824929678,718.1687576335855,107.68974609381465,12.797006578938758,152.31573082999225,82.30400718706714,16.596864753448934,526.2402016501131,148.00340223297232,136.41419582274176,21.52418514808298,24.576846155502274,30.72005365900256,25.919708157645093,88.99031194513293,520.7538503129874,64.72968067874703,12.237504612839103,88.52833372683672,65.75275836846359,81.94062552273459,64.00131852708881,83.02587952179557,4.989978238208109,6.281408323425152,19.331397130253617,107.30405035615341,34.448185447490104,28.193177962215955,4.0842865583460535,157.9211473005641,19.068926659614288,14.738384546260509,246.2683111922339,39.931009861887034,3.2223432214073187,70.64072674226317,28.0491087080354,4.887297292759423,163.64448547476104,61.34724051452662,38.14533247254855,6.2597650415904935
147.0101310790023,54.61222540361877,247.3960989777544,109.42922687146888,7891.92982300304,627.3849339719118,293.2946612492158,238.30037354281163,503.19357926350824,901.7084251696376,670.9931828079204,864.5081864814954,33.513212232613526,60.595737346814644,60.153379076582276,1107.8977777802384,837.4821903689658,139.54775400297956,109.40839925005366,2575.4437498465195,275.2012950414734,157.7228967618472,2773.3896432326474,305.72787070834045,14.673917532051465,248.39698333209145,270.70238777250626,22.48493027243102,2310.2344767325912,275.0512281579344,671.0441275017729,73.98330670204676,46.653174797870264,21.687779117372628,84.17923228873526,41.336817796987084,2365.921730835931,215.72953916176294,87.39019616884421,98.84755645613254,163.87707443215243,302.87554700302053,227.91598315854543,284.25239754853925,15.259808751885185,20.750429911290716,30.267800573373766,374.20473612932193,236.8909172981042,59.38808152013554,35.62813548102788,780.9682923638419,79.83436511616421,55.17112774150743,904.0619951389698,110.39363425807986,12.201085993496472,117.52697320860077,95.84621818051423,12.570707122692175,731.1007455999968,120.07891128509122,208.49397399453093,26.0996981950645,23.932611509697516,15.004826446449725,40.26316627857587,26.980296818798838,878.1584521883233,101.64136359532552,31.04185848510047,92.46422620956217,75.14697874860357,134.71804894405128,104.96144549813458,129.048413994893,11.872179129218974,12.347911830573944,22.413278183807897,168.0857851586078,79.5857117315587,37.710570765778115,14.986601881603264,294.2869219967409,29.220917548590297,32.17179139476857,388.53189395452904,55.65872827469731,11.387667633648013,97.28248566595325,47.622732831533646,10.162018610512929,299.2395523668884,78.25408465527711,83.27418119493002,14.025997088534119,7.889383534203788,4.824455073249414,8.590091399674819,8.96522237853154,169.89149905167793,20.832024989053064,5.39531034704272,42.47027966428468,19.387953692563116,26.164357278216954,20.649900254131378,28.43319590220881,2.797588242171349,3.658791311604487,5.921968395367431,33.06319960730212,15.30399489765832,9.11149207474784,2.375476145879664,52.982382524868214,6.490504539840307,9.663102110577936,76.3572671272045,11.880136345398698,2.4027648530246424,36.53948765863487,10.054253050257026,2.1225839526484678,56.15776880958529,19.348144398469035,15.03759908274613,3.2933325988987203
163.27221555112814,49.82637941736227,241.05145714929566,108.00121993086157,8436.005093957332,583.8019086498806,328.78104476598,136.37949464069692,507.33647166514413,867.5939059762493,635.8484622592165,850.5005732410278,36.181414197326816,67.6116134592965,28.30201038000536,1059.9316649192779,951.3385536001845,78.3912776352064,116.79696637863266,2699.5850647950265,303.98907278055407,160.14890685276762,2719.843997404718,268.23893772025565,14.730011886251576,116.54065147385157,257.8234825808838,18.22242714529964,2343.208891420105,160.78296460585904,706.2670065182203,79.9052672235756,53.81088213463231,19.906593201726135,73.10457901051164,38.12655083551476,2333.851328682272,172.84151048786097,93.57410561744882,51.58147522913864,145.98658444252584,255.85336196139679,191.48151250986686,245.96825443461796,18.621411798533956,23.45413172214535,15.697975168670414,312.6761608919735,265.96313163204564,31.900515544802857,37.235061764225975,744.5373407073233,84.937895455653,50.998038143715476,777.3036589599567,83.19416489407324,11.495271345385072,50.775431759748656,81.70286835219562,11.690528103514165,669.6200206380393,65.74761462443126,202.59581674064805,26.715537689123863,58.30574522901149,27.859476603351048,34.42876475727066,20.833501038190334,778.1877632727762,67.519778652418,33.83995270237409,36.65764684307475,54.393124376762046,96.5177323758878,76.56868039952994,93.15609538809638,14.910982282221743,15.163949511301675,13.28750907418012,117.88965585881506,117.84567638832537,28.132504541069306,16.171090256015198,255.16780285846625,29.480946513699497,23.287793624428037,279.70352618892395,35.00557912723628,10.05861044975547,41.356725132304476,35.9422963727972,8.770922709806017,240.76862790031794,41.46847447437629,74.53283986434556,14.20705601582779,36.13640811710121,15.90150244579464,10.793846008864742,6.58339054025899,193.1114126714743,16.996705259543617,8.719964447133274,14.7033471292007,14.395382873888474,22.463369289291016,17.303012895751294,25.09009448264671,3.934458863209585,5.626275318521514,3.930885053374359,27.35179547448174,45.01950049954013,11.197361658965345,3.5425181842119047,66.73470240411577,7.982048921607467,6.3879168813388345,69.3833220682164,8.164103436531356,2.0191153416220238,15.316712615259949,9.161911590346719,1.7979065731016033,60.98474358934323,10.742335079177634,19.273091859706476,4.260415744271739
234.53478658132124,74.63137387443753,423.4998704798393,178.87330435725977,13811.619079920909,1067.72263765219,493.9199331151715,257.58648679094557,874.5995373986525,1537.4905803161023,1133.1765796678753,1492.7715929166766,59.680770383003406,100.41683315692268,72.91259692885873,1880.9399408474924,1412.7072690915732,152.34854406002455,173.5264209593477,4529.106538810585,476.5113272113136,270.3102315563823,4794.011757936973,511.9834522976883,24.172310422736533,309.3631182118891,457.78317200458855,35.62088761739524,4013.4540106582135,373.261360761846,1180.322374924242,132.5089051920055,73.91880191463153,28.81621519540615,131.88407626530852,62.57297004120554,4055.6894594075675,335.2179666747265,147.06574230812882,103.34514056310628,266.950483946557,485.663771787315,360.1794725392344,459.98945783056183,26.08375970489249,34.096754308819875,35.18130500578256,598.6709560857407,401.94107249104246,61.496969959378674,56.11523614185957,1328.8120995855954,139.0010990596778,88.51554628759754,1461.571802357544,169.73451425880583,15.10987122175083,128.97537340302938,147.77670016554492,20.701620604993696,1202.808770901553,141.56395075931758,347.76790570161126,42.144641910127426,31.455834785239315,17.88811638309889,51.82085731969228,34.89398388519863,1291.0669327072235,127.00889464744658,45.86345855880338,79.50488107766087,96.47468840867933,177.3428246881786,137.27194476527083,167.26966811402883,17.33662884174587,18.345747887635614,25.06438469217587,220.55609277259316,118.5898391119771,35.17976897323274,20.264725222415368,422.9572175758584,43.41911441838402,36.79369340836816,512.5886691764609,68.70745311796787,11.27441966897321,85.54263345251229,59.38798128316655,12.59087347266306,409.70740524975326,77.68434205921926,115.98451079319625,19.050709728652052,8.659151820052656,6.011332078716964,8.807119210418477,12.32938197214549,189.25407977305557,18.84194013088664,6.494309123679371,31.083863421260634,17.497152290483978,25.259985454570547,20.220675683560074,26.277919911301804,4.06024247002362,6.5052789702822285,7.526892069154948,31.808506148487083,17.53602599590964,7.226150343010231,2.841092712324356,55.41554910446331,6.7315744302720715,6.564543028051493,72.65837959083497,10.775553017451655,2.3005286634928943,21.473280014462787,9.481783973431293,2.052867917599175,55.6971768986261,15.252344454144868,15.884347735167783,5.403182637118876
155.5454497324559,47.646078453429034,253.2525487394153,110.38493678701857,8557.744748113808,643.6529921779829,315.04585621803966,153.1833645515839,533.8663558433932,929.0799882124443,682.862290933093,907.9930581929999,36.38973249109477,60.87772059553047,40.915071616938704,1134.192827949177,892.0178071133033,80.29827239886978,108.90490671957765,2772.5826233988255,292.8108999032604,169.13748228123623,2906.711838500266,302.07352697415024,15.014388889843417,167.87553250537132,278.7876509042445,20.568313667258025,2444.1047200891016,208.46905271322396,718.5097899430966,78.41688910498263,53.722116739653586,19.203525053035676,79.21000811507437,39.642589958088486,2489.6850092340565,199.8220812593625,94.66320352979177,63.410095031071464,162.05597722179584,286.2128854728201,212.462015392242,274.5315204974205,17.356423426192222,21.99595935211121,19.19623735296711,349.82275189921467,261.96761342089843,34.285849286928986,36.314416421138674,806.3606220752051,85.84360819214402,54.6383540724229,872.0632216652298,97.54337297764185,12.332758616062424,69.43769446602963,90.33332713698336,11.411177809571575,728.7209921687912,82.95489655745071,215.0760064675161,27.199110482521547,57.62027261573692,27.701020777288274,41.90588024546005,24.49429032850969,897.1055489519518,88.78538189192385,35.80720504107714,48.746906626909876,70.81047948097651,119.16012269354239,91.82688300481618,118.0028932758994,14.545991973384782,14.922875742233636,16.614883979395767,146.64015177110315,114.93884631982128,32.31168873136072,15.636902387172587,304.1631005578735,31.554814088542752,26.515997208034236,355.3454970531324,45.74364299670353,11.717117016056475,56.79758452457106,43.33569543773143,9.53312869880907,291.3746629611589,56.147676482644776,86.51800480438769,14.888943519637856,38.337304602390695,16.856187223948197,13.610498399592561,8.814445401830378,262.2162169406284,26.1084217599422,10.501782245058033,22.59678645877041,23.47389909475701,33.63729217099892,25.703925829889588,36.018418032946315,3.7456890260292037,5.778714600776611,5.951955353581452,41.52307470710803,45.91032089670033,15.148048965005692,3.9772578553207376,89.63051369022189,9.564011332525228,8.06239663774429,103.601992879257,13.384617077319028,2.407469469846872,21.76459039672948,12.74699031635457,2.231583621588765,84.99385560559224,18.078846087004386,25.17690681936889,4.942908587763867
208.05422321797906,83.85458452660919,386.04980335256755,169.87237042757417,11768.021555719672,997.0714707481877,412.932054352161,363.44951507526326,773.2926434808355,1406.3892912118438,1058.651228190451,1342.0702244117101,45.98163370374002,82.48196376546117,103.35516034604706,1733.1670771361798,1163.711609846267,206.24605837412417,148.85833994033123,3890.796021433567,388.13302486230265,244.35819113511212,4322.071296559653,488.70148583332605,21.83085988671576,424.0493136003937,427.37751676023936,36.020646459331715,3534.587086344569,451.0977536155524,1001.9678640918232,108.40731159840735,67.52091453037671,34.189485187112666,133.07579514618578,70.61627887292164,3691.587055392322,352.75586190977367,123.65236770457133,154.55180306170269,260.7289872095553,488.174815450951,371.62888972987,456.2419621662924,20.90966815871139,28.83352078191882,49.37496186529654,603.9835405496095,338.481576513096,88.2574519850346,48.762525746166155,1235.4112169679024,116.634253411504,84.42696935464754,1465.9597203679978,182.25002615421204,13.123251491230512,193.73187610487037,153.76187013064373,17.893900476659862,1165.237202289375,200.22550121316053,323.1812436558046,38.18060870203794,36.42286214363752,30.462752623610292,62.736252926690696,66.84155160554504,1443.5202013123487,170.26898577455563,44.69881825653909,116.27077467113693,123.0728197024765,226.93553743493916,176.51700175166005,214.0394836146704,15.353387893203553,17.02719717875051,36.493160767789924,283.6909270114544,112.91411494548058,56.878799398623954,19.107892087780744,488.4726312139352,43.492095818734256,39.800327142005806,660.9347643060196,96.19480924242747,10.19791037189162,139.2719308761599,75.04551288913026,12.040769997398076,492.08133432282864,131.75962100343264,131.15391551912714,18.65025245807003,14.293559343838412,16.136320196924412,14.525055899070553,35.023833954937714,328.89320113698653,37.715834604586135,9.017472872553094,53.80234251060775,34.3447293507158,49.15553206573928,39.09332923500485,50.593977567194386,4.4622696762851195,6.730925006918871,11.783101959905697,63.663099031619666,22.012004703712496,14.598040976413666,3.2987365198228358,99.87941207874536,11.43547807734104,9.05054832943828,146.73401679264526,22.913547720052332,2.32301826512521,38.687560954249435,16.7149347497271,2.8599326715050304,102.0025838081364,34.03266654709175,25.332977448506504,4.339579001252073
162.97776271386903,72.51200218466178,302.9283979910899,136.24607601095218,8835.583800250963,803.2217714990148,325.9141323645782,395.9237569590964,608.5314360799055,1101.371482715577,823.6248304308125,1064.012844421451,36.7291211697256,65.71111310906028,101.32490039576369,1374.9344371180396,904.9604172960369,232.67847557088874,125.04806486036563,2924.25024868053,299.0997777529582,187.68217306241814,3387.7690688346374,406.71346518954954,18.812213796492898,438.6793551146764,336.9661418257207,34.93594897852738,2704.8620153387646,444.5058490532292,757.793018395511,83.37867300651989,51.687711574546825,27.55140864214194,107.39790907071851,58.182516121942214,2641.4263816263106,279.47388239141185,94.23077513021876,154.56032114329838,204.41028576462935,371.21290571943223,280.8690148231351,355.1205143236557,22.169308026523687,24.68700611051694,43.9745453510755,461.0374836085009,248.37348692693698,86.2485344193156,39.42750651320567,896.1763563621907,86.50492244265355,64.81322657379673,1113.841276883395,147.21872747918346,13.121654644042017,178.2435712716093,121.27286174369357,19.41030730095482,873.8313954709171,182.20223588049703,243.46180558113878,31.91632184350534,23.926365112046522,17.005553418497676,46.97272650354464,39.807684737060704,932.1477529331108,117.39035529680096,33.96014717178823,127.74134253339378,109.81014303572285,149.362652915242,117.45841035638213,147.38401534653056,16.933494931055275,14.312588638048881,26.84942247441463,187.36916881094845,77.08178804375034,43.75241197734554,15.401176179343409,312.2135105912701,29.115193130417563,29.54565844941064,435.4311448270766,65.51903511694861,10.468991787571294,104.32742566728297,54.3006338727928,12.477365909087128,328.3010845802233,98.06011274880197,90.37832292416626,15.49143907362859,7.679654520139707,5.766558178410083,8.773584115784368,18.14109839464041,198.3149756520345,20.16977130246556,8.319337134892784,65.21974377184915,44.85916302505395,25.3048569897411,20.729758461979017,31.296425501390015,3.8507860182004503,4.261300484708181,6.506803041012914,33.26227915226164,14.861833807703288,8.564446821957903,2.3975988944812774,52.90962923065821,6.1860789220858425,6.225894162710476,76.50798282063245,12.110913464170027,2.1874293908459927,26.447195036192657,9.340610089354534,2.242602530535732,53.31685323586683,18.207832495070683,14.109924030273694,2.938980347767872
148.42128427544054,45.822731319622164,218.73193909426504,95.22563761773122,7463.68874067336,547.0420252991241,289.72085611248866,161.65195957798977,458.94154738526026,796.521210318276,586.0033459666404,772.719499458532,33.90025243168104,60.340195698192076,36.23839343422642,973.7656183264128,837.2376637626669,92.58886518058894,103.50855479867103,2408.459026849012,269.68813226452016,144.41216284467143,2495.4158673293955,258.2736940326096,13.936473719491364,149.1731953466131,238.7104904219821,17.989116170221266,2104.7148804519247,185.5724595850128,631.0800901511325,73.57148152609402,48.5023673868555,19.186025026579028,69.37745873326415,35.62747781191718,2104.4656033396373,170.46515333934894,83.00493398831816,61.24408413275847,136.16959169948538,247.9394677353278,186.2088215608648,232.83634845901776,18.081206024080075,21.444237794746826,19.57733823941657,302.0449221431445,232.31030895084723,36.79264798937958,34.55081405022701,683.2964132642574,76.22583899582098,46.676487046597245,742.985081921279,85.3666526083051,10.831834603426266,67.99238058989525,78.39640910062305,13.223807437487759,621.096519197279,78.98420525164694,184.96044466733952,24.971554858797017,52.28105297774311,26.458814216663022,33.77399949213617,20.023087436722754,695.8976705382544,70.56511443346892,28.88196111760476,42.84465138934818,51.44688518803737,98.40192199913979,78.66303498151504,91.29658403389095,14.574339948969813,13.690880191769496,15.628505899261656,120.39803267020145,92.83803850630294,28.05673000642152,14.655413016657864,232.71531684373412,26.516801988012443,22.191503264723064,279.1228965430303,38.74057792770912,9.516110420850964,53.57813857014401,36.10209785138541,10.55078641134558,230.73180561070308,49.70430396364072,69.83403597931162,13.285086472871402,28.625263682958234,15.126826054690717,9.586636468429663,5.317984779228023,140.56918680709975,15.044896542238671,6.046330310265596,15.886252431631277,11.335667690928172,19.421406079816073,15.223442856860226,20.90345242361832,2.967391587455465,4.265726745772967,3.8711522005627184,23.95765965267685,28.772034278039907,8.770674904782485,2.7918579141778177,49.16713929199341,6.216577344339572,5.3227056245111015,57.66552293909368,7.900094538581609,1.7971130786338432,18.20457841475894,7.892458229427025,1.903245441255625,47.9965477062019,11.355804704014414,14.746369760558892,3.314471818448891
220.678262730918,81.13694711331978,336.92419025632853,141.7055984794057,11014.759773112382,844.2826390871564,417.8763161662117,307.22214575260455,691.234098877773,1221.8739143799562,914.1200133528587,1185.5185538572714,44.471627920026734,83.0964500297564,75.22724549905983,1513.307993073665,1175.9284054122618,178.21650536171012,152.23836507680898,3576.8194902842447,378.74045769395804,218.7683410376024,3787.2017029935787,404.6061051971447,19.43462529937322,305.8300689600982,371.0948285861019,29.165662892232806,3170.016677234804,341.6297865704739,920.2429136236684,100.36190129806837,76.50518424103146,34.767002872951615,118.54501484519811,57.965122988942824,3525.7006534191605,298.5115351394817,133.99391991079636,134.7325304101858,236.53103825729727,421.18321768678493,316.201479610105,403.2676674931708,21.324340443081017,31.411803681114662,36.54878738595495,522.5161734344929,368.7612730309302,78.33597016795238,53.146708018300544,1155.3479752685296,120.96365929893776,77.56991025224856,1281.4752686619724,149.83683193411835,13.918715318949577,144.95674089379736,133.2790582962125,16.345331937472338,1051.2274463629208,151.2220726284568,303.1909825806542,36.90050202402072,31.85969745523762,26.86216392488827,53.35023702078059,49.078748152313246,1290.551999658167,135.23345055939103,47.16734003797594,133.9586897369889,109.48141218839243,182.76528216328884,143.74920764898775,172.68877285263173,16.340910030756305,19.500270836451072,30.808364634472582,230.31752002828796,114.60250317195904,49.1090738613936,20.75608641937358,417.28620787739493,42.30581424558824,41.78448384945951,533.4536977895749,74.59075462198602,12.02043558387074,125.28963039969123,62.27997919112721,11.358940185246155,410.5441213604186,99.84982120533643,114.1805931979607,18.959248718315695,8.320024889326193,11.956013853458362,12.637122989871543,26.07187287113936,271.832629664841,29.78886612863504,9.923390747261362,68.1120632027019,34.68282635234161,38.26666706578956,30.873078482485546,41.75111974224348,4.690841209026796,7.99944658345426,11.134416086877833,49.32599187246177,18.42182455241188,11.95323580821323,3.1267064269094402,77.56957286592572,9.196174108323842,12.289838630026214,113.19737670107968,17.703478813392866,2.812073030127756,47.32203213430918,13.962726779595588,2.555541449168305,79.88656189469876,27.353273442797125,20.99779715089561,6.33916762990769
119.28998890371425,39.96160707717415,174.61372535427228,74.63540842294996,6024.574468856872,415.9561603650539,239.9269272405866,125.06919713589515,359.9133938039712,619.7165167765152,458.73996310493396,599.469356436147,28.8225420742624,49.733599929863104,29.19014684951569,759.801679841367,680.46428605541,72.85267751060476,88.62461473731572,1929.197147475201,217.18917095010252,116.36582783509371,1929.0380668791681,192.01140545748584,11.29471647429076,97.01052349090125,185.9195904939338,13.520993806386901,1673.355081359013,128.47925612417873,505.17932203257925,59.03962677833932,41.74605954945914,17.44029838725419,57.443288588044176,29.054387895970272,1760.465942454098,132.11746354988827,73.99109292390011,48.90344432201658,111.36640734538486,193.97044315122687,145.8781414438039,183.74777989361536,14.781912168070335,18.808929960296936,15.101861352208218,238.64239068568122,201.39892328625734,30.913411049337505,30.00220394690634,566.677550896759,65.16662488756975,39.11043799454289,584.6504033801352,63.510553948760766,10.659204513706811,44.5874508904959,63.95068715370182,9.300910227931514,506.57329304962076,54.78701924841966,154.57708214502742,21.278463441122852,27.753852042477885,15.02763375363641,26.91873805956475,20.52047721860398,588.5789112964097,55.912458654966265,26.267356903046366,36.129570948360104,45.11029817994965,77.21263285575755,61.584610306734454,72.72556374921028,12.541309936034072,13.256348286572488,14.248606490162791,95.49205000665528,68.91104195919783,20.36442657425495,12.827507446846925,189.83423442570557,21.932700962791554,19.256034278782465,219.3003942318189,29.39510015166115,10.652921408206081,39.49085320526538,30.266711566714616,7.880652284547758,185.56864588322588,38.58305919373707,57.14399495366978,12.052633466794424,13.322859907955472,6.705204923037204,6.796778077280571,8.612831466684872,130.20155609975143,12.529453701892315,5.355140154041678,14.78395843119803,11.56914935644132,16.323228972988925,13.235759305776615,16.98217233317734,3.5409026671585706,5.605192133353752,5.405484176210768,20.369576747521364,17.29441631732762,5.717146770440409,2.3239419016088387,39.35554959543732,4.920253703130319,4.492488168718977,48.02502289991216,6.74448820984218,2.0612088535213196,13.196724045463327,6.740601203653411,1.611655085525132,39.208641043436174,10.262246949545922,12.228400905230375,4.170898898270213
189.28646719647807,59.06141426361593,319.0618852649004,137.13575645927924,10874.529248849158,798.8676304096813,403.51994679110203,187.30061611066452,668.4974964344724,1175.0882151142214,876.0028302546417,1135.2021954746858,42.84986182203474,76.5261463674067,54.25794884432228,1445.0509230432463,1128.2028477075714,107.75685091354924,142.16865695787487,3501.033232149352,370.3519533214429,212.93845692021378,3646.7926413135506,375.34959660021923,19.99991059012326,206.88595211193245,348.35222553059094,25.926373177357153,3077.4286005619583,270.2611423753218,906.5276753192509,98.95494935597483,67.89081918791227,27.963740910112527,101.17345462108409,51.85160409278406,3112.2700915384257,244.27697666963286,119.86646786709925,82.33796057786311,199.8135205924819,359.1538602472906,270.84384187087494,338.6514464295827,21.147225453899413,27.51668087279669,25.810588488308362,441.71818435180916,327.47651257588075,48.4833186580476,46.48279390032022,1002.1352231440565,107.92539178779546,68.63776016440605,1076.1166638069355,118.99273934815963,15.747546249563467,89.67795038519647,112.68686331012266,16.788341803146864,906.3004494619013,107.44774895797136,267.1083717357283,33.443884364203896,51.321047834595326,24.34192466347822,43.811284638772804,29.838283971493908,1068.964699364903,95.9733132421381,43.822907395651264,58.62061813112238,75.91604250236067,133.79228638927327,104.64733236115764,128.7310228379947,16.19993101610028,17.38094266906397,17.72444713992182,164.46417447051152,126.35847785039753,31.8341992706503,18.695644057603936,346.00125298392265,39.18599121507164,29.504344060560218,393.4467619443035,48.85618686368402,13.132858525445428,57.845550669460174,48.40567787763327,11.741659025717892,329.338687581473,60.822379329848594,99.71703587532657,16.539330507308335,24.730203565271943,11.718049377733767,11.169549952723887,10.453373819829727,237.32946303808632,20.81323387944892,9.587743365386489,21.98291392771681,16.993644773298886,27.709257305894674,21.875903155350574,29.426702151316103,4.226684912376152,6.220459277206496,5.230723656470063,34.06035594743865,36.46247427544908,9.52199206587952,3.8694208009222093,74.29752004867242,8.782895411390292,6.969567948521698,83.89551835487524,10.511684240826758,2.3764630035557097,17.125119060709935,10.915251326676678,2.286720116218458,71.22086664000699,14.796051453101574,21.91406760206074,4.590057762436441
136.68913639588513,43.01226149035287,236.03471200222626,102.47334586358679,8114.416996891383,593.0384369741366,302.28344980489936,141.94484172639025,499.0503426092298,873.9893277641647,649.7924482952591,845.7139639805533,35.50242933961009,59.193155942889675,39.51839657234474,1070.8772732636303,851.6461064035559,81.87764663446579,106.23848483468407,2622.668478598029,281.7895809548089,157.33929456390808,2731.7579964430206,278.5471258338197,15.159040302340134,152.3437018825501,257.6359902831181,19.84908415116545,2299.061221878218,192.36614688274986,673.9615121826475,72.74549328576927,44.762315065371766,17.327053215307203,76.23519293072577,37.82197705270957,2373.287600171067,192.18375221959772,88.49082976199051,63.4965182547685,157.3994336329507,280.0151462599595,211.12167142024023,263.6781349595923,15.977695059240457,20.532411090082682,19.666513058844714,342.36140903902094,240.36367732932885,35.06167134315239,34.29862206671527,769.3258920189113,80.74830827604885,53.15568915606021,844.2334979538016,95.16671863161133,11.148154462966147,73.54824113914731,87.4354310529981,10.41945555673957,699.4063886890034,85.22379522748109,203.27238799364534,25.085137177771216,45.168737779353584,22.22529948424986,37.297939325088464,29.639032578089484,882.1985077107598,82.84203786027413,35.80112707932651,75.70638801435487,89.18376768724663,112.6602365571106,88.56046653275874,115.06817726542319,13.93865144920237,14.943109898646041,15.325687916994665,138.17648119204182,104.15021852291869,27.345456110802697,15.086472185508654,284.78797244769544,30.92763017998313,25.355305256776596,332.8426916761012,43.109626642935936,10.163600295591957,54.52042295054864,40.62315779531829,8.322755561203834,271.5275915606318,53.66159853876056,80.38560094256003,13.70225188400595,29.190191465202552,13.268905885408271,11.589792083144454,14.133254634838021,266.12862437862555,20.627987690628434,12.066401347592965,49.886753420303684,42.22724265326958,27.132073626522367,21.41895646930019,34.899214315863475,4.501658436406393,6.7190080454266505,5.134720101745446,34.172000420328565,39.17047598939139,9.316362362804817,3.8219000737296724,78.37342563029463,9.568433290491829,6.918602956055197,86.05737753734167,10.480130284744337,2.1478359525195923,17.16632056117741,10.274421104492946,1.9151620167918175,71.26352547277087,13.318958973548645,21.87181603170682,4.484372467512803
255.83803643457497,76.31171175381083,386.3464947108512,164.66042842620493,13156.095704019965,948.4764619881469,498.1962074806387,240.18973113755956,804.7707895136284,1391.0082907403876,1021.1111775065293,1361.8688424267846,57.94739372155366,103.83407598001014,54.993460627425435,1693.5315406827422,1455.866326762315,128.9332804415253,176.9926956478265,4257.113507304544,463.0889648780832,252.5340529836117,4349.231884218619,441.85683144019663,23.157151668991446,220.54991091994526,416.0235511175878,31.75854698901684,3712.5981405144385,292.7181835996814,1112.7811919850249,126.85274556084757,87.44443746286301,30.687456800231466,119.70356066690766,60.959268973328875,3801.684868138219,290.10997203138874,149.5713764626189,94.42673824477626,241.17678793629028,427.82403609742,319.5655832745297,408.46520037290213,29.572751171536495,38.339260173580364,30.93977484551911,523.1866611313887,424.0304217786214,54.258495605067466,59.007204031947154,1230.0318966102213,136.93156774888865,81.78393832431544,1294.784508010629,142.78442123094047,17.39124256098928,94.71402960472358,133.28165877928328,22.556818247262452,1102.7283275548161,115.6136744549546,330.58215406114766,43.47143765902026,60.41350671905547,26.492314808831384,48.056501340609586,27.67436800032149,1193.1162679494341,109.76768213373141,49.049806862248346,55.4912465934641,84.16741611098641,154.6346264369191,121.10823298711198,145.778865606768,19.2289820147555,19.81034674724931,22.092339786857966,191.59096852615613,149.65908064017196,37.23055539680681,22.956142280866263,394.5035488000326,43.304850141781685,33.2251211589465,449.81378703410746,57.68812546138962,12.213918557695049,64.39541659817887,53.20190685530765,13.968080206115719,376.83581330532917,66.2449793787227,113.02654602374386,19.318751748272593,28.715907107034845,11.475833740927053,11.432960909819887,6.239462760167605,228.19207818806652,22.00557494003391,9.742065228971509,16.036332174520833,17.233936574360875,29.046963029519347,22.199920452022607,30.641204225436013,3.7413891168248568,5.722521005780502,5.296589561792207,35.73354546352343,40.19940447575914,10.535238278219563,4.022395653453202,78.71822712680647,8.68558883564664,7.2088670321692705,87.86062353903631,11.065993182394518,2.1191654047329154,16.06975447430016,10.92959111829223,2.3366616470348465,74.6654640841436,14.110151016502005,23.01349874444069,4.557584654980648
123.00825760346788,40.012941789136626,206.38443041772555,89.95565915141026,6642.903590176627,506.4354329640539,244.0032749747199,135.91909173004598,419.1648534751331,732.0658737753221,537.6566873113911,723.1253253310348,32.40895638843007,53.30436211527059,36.95875045269918,900.3487636474139,695.725377266415,74.67302380633285,84.00769956417533,2176.514601519953,230.8321773355283,131.23945748941566,2281.494120346339,240.7652374683451,14.248384056312233,144.6782789135657,223.98152742594667,19.48756193591112,1921.090834908855,179.99991944409618,567.9696565185277,64.74358149888636,43.81449576787254,18.4291606181686,64.88608187263773,33.69563048129565,1870.668480680054,156.2846199099263,72.37575858922114,59.6851277892025,123.90525781684352,227.93692961717352,170.2123299218877,215.92020812849682,17.40119562755941,20.09871336934744,19.09251821839792,279.1845075388801,196.41770305091245,34.63202765234361,29.975170931239287,611.3088874545568,66.76897746954509,44.57035167152487,671.3486104632976,80.52735981324298,14.878863278802278,66.94548975380475,73.97240837312744,15.603109704805608,561.0020216362626,74.2402426664067,165.8778170062302,22.756829181251383,39.541381290162796,20.127437917929946,31.20192415562203,18.43267683323529,611.4099017093328,68.30861994024194,25.475035557903947,56.38493768253409,48.354394962924495,93.94229201016321,73.26166938267275,88.39545142574171,14.33738141137441,13.834304629154499,16.10649448848738,115.35707219293039,71.25436894264303,25.501083316414327,13.199345021637635,208.9475120597959,23.43336913816852,23.075058558507365,260.4744914971014,38.71734744949084,13.178066748744886,61.32618438710917,35.77050189728862,11.861043838638661,211.84666661328063,51.010150470961314,63.09911080533111,12.836871541039203,20.508156311875325,10.168717898811636,9.343335858847253,4.898596507193707,156.8559032205013,20.505530983402217,5.556845318028849,29.217464068221567,14.131880030185995,26.079331423254988,20.444646623298343,26.983753949381477,3.7627958468800395,5.006530870639489,5.573103988664096,32.35979878405291,21.641698630055956,9.283482248746573,2.6232437829084585,56.43368753300491,6.399955999988628,6.833887448510079,75.54063934405963,11.321135216708734,2.37696389323092,25.498246832357793,9.741489869640631,2.307940139529747,58.19351944082493,17.00847529558594,16.52982714380954,3.604759092087608
128.17448277592817,40.76867538851792,199.1569297599539,86.5442411438378,6712.571659862677,506.4916828834148,249.2835371666604,138.41640735103672,422.1291177750355,736.883348130989,543.3828650944786,715.1175148432332,29.838816912860953,52.435026561923905,35.28314348678842,899.6029018016976,727.7084353056912,78.83105925400606,89.12533583810263,2175.46671118836,233.67418895829843,133.06104123022078,2283.9837656199097,241.84285195002477,12.030116183389445,143.0217239233164,223.35711079248938,16.770765118434444,1927.216411098525,180.41005171579414,570.1118791455837,64.7304385466364,43.556656566815576,17.171747578800385,61.94870371214758,30.366852304504178,1850.6638094128177,153.0349787247427,72.96560500587131,54.50137836935552,122.09836763240773,221.90529633393498,165.6335036877029,209.69731804475308,15.157742434133937,18.232114158583023,16.547584442384945,268.5725126163145,201.61098939186743,32.80734438861933,30.341196124153825,602.8849560568826,65.27748153023575,41.8862318734869,659.8184555582577,76.16252404988731,10.057263183239694,61.60439839061246,71.98632195857954,10.754754178935212,556.1362403996313,74.954356812968,165.68563738531398,22.50205155795677,49.37922899348509,27.67642539699021,29.722734408911553,16.68008515804558,591.5114509325377,61.26686210373909,26.79057141489843,41.64185011802137,44.863942156982525,85.46446726429309,66.81600477645937,80.38467030197141,12.268702344450574,12.35981095455714,13.53584494974763,103.28754953294988,83.93349498526449,26.46970225037769,13.488990420908959,200.16835725088598,22.23926378925586,19.737140486883476,238.41396609114898,33.00249520870371,9.462864334847046,49.124685144424205,32.235164951213186,8.803581561716753,199.62450522204298,45.85298295806114,61.52812858164764,12.322431569541655,29.63543371084512,16.079988331516915,9.520051911188553,4.601734796997859,141.13444205673605,14.941028229092325,6.353091636446895,16.733603593124162,11.195165841932285,19.347651155730617,14.931469026991754,20.65994861015776,2.8641530592059588,4.43637546989669,3.556837711187616,23.3648857022131,29.653371903558185,8.832688294252728,2.7647782883951013,50.010414015077146,6.04894100276986,5.42314725736821,56.9484095015431,7.583554274843028,1.7823189852346788,17.81987558293764,7.8166473438605015,1.7044635348964763,48.5308521368395,11.068370491433534,15.22898816339141,3.387277203744797
137.16402877872417,43.824523316985875,241.1526704611906,97.77785881676837,7871.306200770032,589.248439330667,293.8940646311625,140.76199744902252,493.60385634512323,852.432398250068,621.6029124871263,835.367942007863,36.05419473264317,60.23545786025842,39.08545384921507,1037.0646697051736,826.3357213671089,82.06007028835694,100.2904428136688,2573.6815452120836,274.04166513232275,154.73172719460445,2662.988799922202,274.7204493705497,14.61337860665332,151.6154195471772,254.9497375724929,20.324448151953565,2254.8330431459426,191.72267303866016,665.7559203335459,74.78816124818289,43.93187853371469,18.25798708097973,73.937346096745,35.343600713113794,2173.1846890461666,174.5409985536067,83.96696511823302,53.16987821768036,140.13201788477915,250.65510629401126,187.23803487201562,238.2282186921196,18.896044412152897,22.79926097079945,19.668788568216865,303.1035668354657,227.995173852433,32.0243163717393,33.29386947810549,711.8330006520258,76.87034549296848,49.2374657948953,753.9726338649526,83.48218001342295,12.568995538391082,60.150412921335544,80.85931885693299,13.702724683989569,643.2560873189366,73.8575115858798,191.3332879948463,26.101394723648806,19.731835351814084,13.144836845503322,30.702469090217914,23.138666942447266,698.3033308062039,67.81525954435165,29.248463505633886,64.19183679982088,52.80023033776043,93.69336459383985,74.69331581476477,89.29244353769661,15.568315344312225,16.60815576301199,18.774331335916347,114.45971739332883,70.44942978042187,21.712258033096138,14.352247794595717,223.8861413701897,25.9553364046492,24.695501931074485,263.6951602511161,35.52384983660066,10.608230370992935,60.32890939626094,35.41121508694502,8.980696873569995,219.8291922679222,48.503196038456196,66.79863660324195,15.32098236757058,5.581095677419965,4.847503017484489,7.025560449022027,11.402943257931502,135.22049817595862,14.501453416441418,5.14784497157908,35.222251045513055,13.398374964407243,18.55871608882789,15.485759280198025,21.070484663880844,4.052486497054318,6.067922130929687,7.366009162714342,23.51854671252367,12.195392241753424,6.346950423103204,2.2568345917441053,38.59552770552746,5.221585467547865,6.75090905094075,53.058516420349136,8.156661520495913,2.3010567277782736,27.442682614383614,7.984843873035489,1.8445447086170166,40.75290545271184,14.044459236069137,11.821961969456261,5.164024299226188
212.43030907348344,69.94384671323306,327.1788978469348,133.55478055005506,10887.32979365602,797.7543762027295,417.09455552089014,234.65849978490826,677.0245719804589,1163.713540282025,856.6812163424403,1144.8135391914157,44.54796308322685,83.18879124592644,52.20451325225656,1425.1276486554862,1177.3394641958434,129.980411823402,146.63470314151607,3546.5396375093555,383.0606836856533,208.2507911447318,3636.94426927967,372.9759816569438,16.930639622154267,215.1428464746396,344.29992253129313,25.215973596280918,3082.7153266368814,278.8249057494238,909.3467312081275,99.31777949005773,65.76081932288204,25.923825237097482,101.92302747163664,45.4626179753538,3090.0297257422753,245.2209262230188,120.45925593515913,88.00541794176182,199.96863608268418,351.3939316597309,259.9381987812185,342.23135098503974,19.13390497265578,28.365728967757573,22.79043070560407,428.817580454203,332.6627932686308,50.96016139112836,45.08701792577474,1017.4086300821776,108.84888199316676,65.31774125605673,1076.7538177744468,119.18728621695024,11.619220931016816,88.98520781996895,109.46135083753956,13.529998192327412,903.4579248744021,106.16093587345391,266.2869060535104,32.06202513837496,28.57336729844907,16.101642262767204,43.557338268479725,25.423734044925112,1058.5234310711883,106.36823375339084,40.04053270870563,72.90443609575102,81.57831071120617,143.68004839029297,110.88278697263891,142.33469589724783,14.435674560834578,16.385737456896685,20.814060415181544,178.97068940347518,104.24581279583707,33.222018876871864,17.463380584186993,356.50261552714323,36.706954766813645,31.66564384380084,426.5564191472679,56.39237915353787,10.008074401801263,77.6594259099579,49.397353259757715,9.692477032896912,340.20900627475686,73.44576595161692,97.41442769532831,15.250769688876638,9.218999455396881,6.163072011401269,11.679920651164064,9.090350267820165,242.60542119901493,30.868472668191313,7.229974917296797,38.34199664963379,24.123481245641283,39.07312689535088,30.79873290615734,40.523822654601695,3.9693208021357185,6.0390948965534035,8.365319331616172,49.78441185542059,20.082209839028092,11.305086865390066,2.9202763397822107,82.02093602531663,7.673120811643291,9.53088418492068,116.35537580141198,17.460500843206457,2.1051875396420416,31.89248762787479,13.717147749673765,2.3673693127171447,84.79330750583225,26.662381229948465,22.276238640717082,4.310147212656104
123.8480875266234,39.165169101800835,236.83236414264502,103.67320034881891,7560.547658443612,603.4225669429369,267.4035531692365,148.73683860082195,486.11686962442724,862.7630980735399,644.2387972303129,837.07074927814,32.00842926004086,52.31351749048186,49.28862288488558,1058.540281414253,756.5606419694956,84.95875944525935,93.40232252116616,2485.2214049577524,257.66108666511127,151.02716655140523,2688.5032538591427,287.8812158232272,14.946788744471656,195.85634848843065,261.94208047056344,22.90558213242203,2228.507287590148,229.81142510887503,646.6510329821385,71.36172652599095,42.513558916506334,17.51848431208533,76.97992789175005,36.86862165224097,2228.771690958925,196.50916193280244,79.53435630977683,64.09194601543703,149.0533100573154,279.57543631408015,210.72456370424706,260.8457923609369,14.985649180484568,18.5650239748581,22.956275743003303,341.4806188394217,218.73974773619702,38.69769069805696,31.694289784661326,734.9031451456339,74.81330438315868,51.31923630773331,834.9616468235791,99.0193776934803,12.832320200742828,89.08537073169522,89.84102974376209,13.317074035656148,684.0756185337913,94.26777454114291,196.17397776762328,23.63238245706921,29.832579902275768,16.58245729656119,34.90986435899954,20.807632661913583,790.3417866762566,84.33121650208314,29.508001375105025,53.31558879806025,59.34258664448236,117.32569654351695,93.00105069843167,106.69062908787821,12.652851529368338,13.167193081208502,17.347291490164107,143.94368168316558,87.49664837449696,29.367521492830555,13.932671902892062,265.696569333272,26.971627464587726,25.928875506256112,330.9990354507476,45.78735859008301,11.495158644210541,67.71192702639306,42.16199607780101,9.792478294571236,266.31378355312404,58.658340504102256,75.98408782238054,12.522262151452551,13.936287772029564,6.955704608905976,8.21802727996744,6.124767166436731,162.78407320124467,17.12749808499403,6.469569451986082,20.679489646421146,13.157070266631441,22.474780285732674,17.845899683461226,23.52368879326669,3.6670719446783875,5.196215820222804,4.420097379259332,28.045106266683774,24.923298423322354,8.286629978534785,2.71509308001252,54.93969230680993,6.603827212902176,6.748520196185169,66.56158504202786,8.98148651798312,2.1343239487798353,20.082464233204817,8.800964521961543,1.8514761720280877,54.461303396384594,13.026079919533451,16.00487684260095,3.4728975154244353
140.9840034527503,47.53886418615597,247.7422081573152,106.4258240463117,7880.718128245827,626.390524400664,289.5195148017167,186.39281679293873,502.1831864216483,889.6495064902616,652.1688175790941,869.93603395186,36.1459790377377,61.24945691515309,48.60886225377938,1084.5320682089946,816.2695908299193,108.60372295229269,101.02794572647471,2596.360085732701,270.56010693670686,153.75421299689415,2775.6189923796614,301.1841177154571,13.55344987649018,216.01139259115726,267.052207261253,23.013789633727615,2306.1959285569783,248.41849435323599,674.4979052087695,76.10972575037768,50.68705718076517,21.436000113014003,83.71022774867228,41.31572451046716,2457.1395522264997,211.3904419518666,92.36177034233243,77.51680756000715,164.06381551683762,300.3715432535359,224.2249986803329,285.8525674214116,17.800309130061976,23.083361846968952,24.970788709346465,365.9713586324014,251.7290184128648,48.76142171201917,35.528911042888375,810.3379922293403,83.97417620698164,55.00805692487831,904.2529947819246,105.79717312153643,11.576906089295733,94.31053742361111,95.75101262255397,13.697907767404185,745.15823753913,105.01415290394178,216.68246537006294,27.387278644480837,31.466692759267158,17.59214218632723,37.785917818241714,26.86666881006465,894.8802828490221,91.74844068044261,34.07449895184469,60.50815533078605,66.8709699656042,126.27276678640628,99.70811551172609,119.67196436005975,14.413016933279104,15.179251520546567,19.679563879766306,155.29828264138874,94.10581099445164,32.47240823781916,15.94416633791922,294.242469000319,30.11536474503484,26.302666843996892,361.41307588922257,49.041898114650074,10.10944740082169,65.26174447315906,45.292015467181244,10.33011540206563,291.5215193432013,67.27897244490882,83.5851108198047,14.401269577321756,14.541257330162978,7.587265490627988,9.06439720175016,10.043479954851533,196.85044707108557,19.140395766714516,7.121331789730407,22.359899387670616,14.982788436372461,25.18582339105835,20.06902938821667,26.43843146259625,3.897900311682671,5.9293918557475305,5.7193231256087245,31.280225420057143,23.913365804144853,8.32557621588182,3.000785017949996,58.95526189478872,6.417022338711151,5.915804338621824,73.9640499093007,10.276082105043645,1.990175219339516,16.921352961748603,9.501414296298725,2.0944981879213245,58.940954521168365,15.614645762688456,17.1405068321251,3.9949761898453495
195.3631215291221,70.58026845314181,315.11948848953205,148.7604096879697,10322.285448606644,793.2030653196625,388.6405241564835,279.7545738965176,666.8040001710096,1141.1159832279707,850.5495995344073,1114.3805695766946,42.153202746537175,78.35486569751839,65.67578745611178,1403.3925299378734,1105.9963993544768,151.26437397245704,137.26310495519195,3377.8841577999397,361.1179150384023,200.98297066647416,3561.067467967369,380.76755737678207,18.42057956841953,270.1863770733995,346.1912605449516,27.28329529787789,2979.7469080071132,314.29896394904586,873.2236111316129,95.47417699127585,63.24517046482212,32.06653936860074,98.052121536874,80.89905801418152,2968.173588742269,247.5670038084462,112.47907626171771,133.18005274042588,220.1918926219397,350.7067585563029,264.20146667256927,341.60389169012586,18.602342315955426,26.160722589349568,31.218594255533368,434.7412952209876,307.003191572291,63.849006996798536,41.9787012638036,960.4283420383838,104.35531004742086,64.03911322775349,1067.4981600302422,126.15315629464477,11.478839348695672,116.6268908345782,109.0372997649852,13.081240830096394,870.3893345806454,125.78179600121686,251.58115596377885,30.615177990222822,38.43393607581075,45.700084659716495,54.08203234653013,131.8044916885959,1465.8025905324316,131.560283504256,50.539159651819794,192.025640262753,189.01677926863385,178.50320403278047,138.30594748741865,190.17542743381887,14.954217720543275,17.500612335149977,36.41481190194158,231.08560985206185,103.87362184138661,48.04955115195105,17.179054513163074,408.1268347022135,49.42524559237995,35.60753567170808,540.7027693737153,79.06068667332217,10.673329231421375,102.35202195747713,56.440664977934745,10.382422783678875,387.1989912193472,98.2083813622452,103.21340826648192,17.0806452912407,19.993294204326858,32.775186880185395,22.65289192156048,103.90577665144701,671.3337368536568,52.99400686518299,20.28587615836415,165.85126284914924,126.14813176422865,69.93795799273053,53.59802754549959,90.96083539773862,4.808096293090535,7.238871878071926,21.508094517775152,97.79033164387302,28.956605598511654,21.159292228775495,3.9883647692688595,149.64126364876984,25.882657012979152,13.511685111538519,225.8988033721964,36.55084696977519,3.1740497692189704,49.08252020185416,20.70656092570084,3.44027019498255,136.51527674264605,45.53471029653336,31.024176627520493,5.980205622449265
211.89418949712996,67.69528819701088,346.59176741408555,149.50948253161667,11597.11025974328,863.0191143921957,433.3117847944021,226.31797821043452,719.3009117815278,1254.5491985658575,928.6867807193858,1223.7713117085166,48.89776340955683,84.01281131762488,61.03402526313265,1535.5903181660465,1242.2453330863111,129.28314710366107,156.2284562015931,3747.2998695169667,408.42570779317316,227.86168129864882,3916.282494970147,404.1926796007598,21.732076093251983,236.85385421080986,378.5145318138159,30.13789761653989,3320.4137542636836,292.93583168608075,971.4057945497843,103.86231386073158,67.68176392991666,26.704115364147533,107.30485934908204,51.82421554973109,3253.6425155630327,263.93004446264774,123.38481597407596,89.26689780284573,211.70416933884522,378.5147515069863,282.9369587710949,365.00466350191834,24.669863779636025,29.074935681583675,26.74442743636513,463.4029735115732,350.7555893789896,53.85086861373747,50.438023151157566,1060.5113089827514,117.26792351655916,70.75483987199542,1153.619052197758,130.0048464817864,15.863969214956299,101.09267772802727,120.09236162999797,18.975278144713933,965.744559357943,115.28086157316895,281.45970244499426,33.281463846576806,44.05653631701282,21.75665126001471,44.933089144065356,25.240018707892936,1054.8918143896472,103.62632988728508,41.68156900234899,60.22146193057536,77.47589201981137,143.36370811257132,111.33890677057897,137.18610060215985,18.736892898001177,17.32818221820883,18.932111744043823,176.7392960496086,127.58530296713904,35.68309256105056,19.773169858136555,354.9153167581829,40.11382119288548,31.239513216432133,418.0978573549199,54.944311265945174,12.384178360243991,69.28821614961525,50.676701851013725,12.800340554994298,344.3062412324136,66.71391154497412,100.5525837903668,15.84201355203319,23.56367054860035,9.203550080547117,10.299884452458532,6.189478433320909,222.14047329406387,20.35071398789085,9.688415967886248,22.670846945430196,16.434795899876175,27.346924760731834,20.91978682677367,29.67993550114412,4.494441196954967,6.205038438865378,4.171962765295249,33.537305197643605,38.801751112523725,9.966147549895226,4.045316799896817,75.09797176840092,9.375623171998782,7.859315223871919,82.53029271384112,10.193676103109189,2.2950286642851863,18.43574059010189,10.585737326751092,2.153990257128212,70.88976992364364,13.18703126915947,21.964787123161653,4.168478092793121
194.17956974583262,66.75592614592665,316.26642547445846,141.18215376412587,10659.739180686509,823.5904643399477,399.4121573307983,283.33588079512106,675.8387552704191,1185.9842974685819,888.5684372059046,1150.3999308789066,42.59013940785853,77.53101370480556,73.25345347136829,1469.7732526626341,1126.2217553584055,161.45234150814022,146.94641610987557,3451.2022626216553,370.2224136076145,211.1771332502811,3680.827729764944,394.1164627093881,18.838916245992955,296.5370700018412,356.0683135790749,30.27198316657712,3073.618160349619,334.00103007349384,887.9297404629975,93.84659124895657,65.9329830766427,27.855179694647383,105.26561602437681,52.51178744289848,3192.545488466174,275.34248172414254,119.15287370188591,111.5336673182873,215.5385886009396,392.28508885396,295.2974754051538,372.6049444474756,20.355515457310723,27.56765475353369,35.38903912589876,486.10723644573056,329.17739296171123,67.35649321452519,46.98857909425623,1042.598265646457,109.73071413873755,71.57148678679083,1177.3810993632783,139.00562652616372,12.166401032144444,133.0876766599961,122.53808480344782,16.023892841240816,962.8954900458946,142.0876788496694,273.64314758766557,32.23363513606246,54.6425143189192,30.10620153195239,51.4458185559688,32.27290805814589,1195.3993863492344,123.54508172251595,43.52068291808125,74.97771332245844,91.37281016697922,167.77741868478222,130.11798056659467,159.1894207687747,15.77256616252777,17.866504440676245,25.64561026734459,208.37591366806555,142.24503153498245,45.36268564438241,19.264494100685525,399.523905273828,42.81117976980231,34.173499468665405,491.98780584355865,65.74708102564784,10.074559770693323,90.59842790804969,58.28014011747064,11.715335902225787,393.62710527805507,87.56646512824878,111.80391274853058,17.59780483540823,30.889286526726973,16.637082361932183,13.649255232431669,11.902090772258724,284.57406088151646,28.67335341010066,10.483306879541688,28.958328659665057,22.862469428399194,38.38728565249899,29.6603250792013,39.8431255410575,3.9127725004081544,6.3776437358947335,6.990630857556436,47.68738470488613,48.606355515340944,14.488493791482917,4.107687018412635,94.95566386403588,12.165628765005172,8.950355444476035,115.22287499108383,15.464104265425163,2.3528628282874746,27.088916322559076,13.935153747469784,2.525592481445899,91.56834141592584,21.65803399161994,26.48813437287297,4.955977986208083
